nx = 41
ny = 10
x= -2 -1.9 -1.8 -1.7 -1.6 -1.5 -1.4 -1.3 -1.2 -1.1 -1 -0.9 -0.8 -0.7 -0.6 -0.5 -0.4 -0.3 -0.2 -0.1 0 0.1 0.2 0.3 0.4 0.5 0.6 0.7 0.8 0.9 1 1.1 1.2 1.3 1.4 1.5 1.6 1.7 1.8 1.9 2 
y[-2] =19.1552 38.8737 53.3901 49.0302 34.5389 32.4638 38.2495 13.154 51.1763 72.1349 
y[-1.9] =40.8312 52.947 116.201 125.412 91.1451 82.8104 95.3761 50.9232 76.9266 49.0821 
y[-1.8] =94.0627 107.574 107.929 116.498 129.445 119.751 131.09 87.0244 75.8394 102.758 
y[-1.7] =130.773 87.3686 125.176 140.648 135.929 166.059 130.133 150.054 147.288 169.095 
y[-1.6] =184.236 143.72 127.817 168.708 108.47 165.595 149.428 143.195 175.913 105.787 
y[-1.5] =130.928 110.968 126.871 146.416 136.901 124.596 133.479 105.153 126.783 166.409 
y[-1.4] =158.841 124.965 122.054 164.021 114.952 88.5536 118.652 126.411 147.401 82.4616 
y[-1.3] =65.1235 105.476 89.8342 96.0136 74.2924 101.339 121.973 102.862 77.0635 85.5132 
y[-1.2] =30.2772 101.498 105.626 21.0201 43.0766 80.4287 106.191 46.2869 99.7641 58.999 
y[-1.1] =10.0982 -1.6703 50.8244 12.1226 35.3361 41.0048 22.8724 42.0534 22.7142 25.1827 
y[-1] =-9.37334 -24.0077 -1.85127 -30.2945 -16.716 1.27369 -35.6131 -29.9858 -32.1691 -17.2893 
y[-0.9] =-94.4471 9.30189 -70.116 -61.8584 -42.9009 -20.9042 -23.5636 -38.6569 -95.3705 -13.9982 
y[-0.8] =-106.863 -79.931 -63.0113 -44.6293 -87.1784 -76.2634 -73.7485 -89.3947 -89.5212 -75.6743 
y[-0.7] =-90.7649 -129.672 -77.2786 -83.2141 -99.9226 -72.4051 -120.254 -100.674 -81.2576 -153.733 
y[-0.6] =-138.044 -145.679 -130.377 -141.934 -82.9451 -115.637 -89.7998 -145.108 -150.603 -112.769 
y[-0.5] =-109.341 -136.224 -134.503 -129.154 -129.622 -112.669 -118.535 -131.792 -177.201 -53.4257 
y[-0.4] =-138.296 -100.887 -79.8492 -106.795 -107.354 -112.06 -107.703 -77.6713 -95.6493 -93.0777 
y[-0.3] =-95.8367 -90.9963 -85.8846 -82.1136 -89.1501 -82.3845 -86.9917 -68.0143 -101.36 -107.479 
y[-0.2] =-57.225 -78.7213 -60.3901 -25.3658 -116.474 -89.5935 -97.5101 -27.6976 -23.1672 -41.1583 
y[-0.1] =-17.0734 -76.6581 -55.7691 -62.8931 -21.9104 -20.9921 10.2901 -60.5748 -62.6229 -64.6271 
y[0] =52.8232 -25.7116 -13.7509 -32.216 26.1308 -1.35979 26.0689 18.8613 1.51353 8.17706 
y[0.1] =8.7493 53.6563 16.4375 -24.2846 33.8498 29.8569 75.7808 32.1346 73.3563 31.6541 
y[0.2] =33.0174 47.985 58.5251 42.1532 38.42 52.4494 2.37066 67.6217 7.46948 79.5762 
y[0.3] =61.1353 103.786 85.1585 145.7 116.691 88.6464 29.3989 51.6724 74.9852 71.4358 
y[0.4] =82.5683 99.4122 67.3627 71.9699 127.867 61.6585 76.6533 104.853 89.6683 89.6253 
y[0.5] =21.5891 73.7878 101.601 79.4261 101.213 57.4689 101.856 113.468 101.073 96.3723 
y[0.6] =61.6578 47.2223 98.4066 116.247 77.5487 100.146 92.8533 60.8456 69.1362 93.402 
y[0.7] =102.56 77.0408 -22.3519 86.2539 53.7475 37.9109 103.873 106.376 26.0774 71.0529 
y[0.8] =66.4883 103.321 24.629 55.0893 85.0282 88.1727 43.4769 27.6103 40.1951 45.8344 
y[0.9] =19.6587 42.2195 42.7993 18.5528 55.4451 32.7328 64.869 28.5687 44.483 51.4023 
y[1] =19.1557 -16.1543 18.0969 20.0286 9.27973 28.2156 8.45549 -31.7241 43.0276 -15.8998 
y[1.1] =-5.77624 8.46918 -0.312848 13.7629 -5.46819 11.1135 12.8115 44.6162 8.36118 -70.1587 
y[1.2] =-18.8412 -45.9546 -25.7441 -55.3614 -76.02 -41.5084 -13.5067 -55.5151 -54.3495 -30.2541 
y[1.3] =-57.3643 -21.7934 -47.9745 -20.7049 -51.8824 -75.755 -24.0123 6.31528 -24.3097 -60.5228 
y[1.4] =-22.4646 -70.8953 -29.2058 -62.8198 -2.39717 -49.7176 -53.6662 -82.0962 -32.4583 -56.2204 
y[1.5] =-97.9198 -59.7755 -95.7606 -46.0884 15.9157 -49.3144 -45.8213 -25.483 -25.0535 -35.3234 
y[1.6] =-50.0232 -53.7326 -47.757 -22.7711 -70.7527 -59.2824 -45.9623 -47.1345 -43.4881 -29.9233 
y[1.7] =-59.2434 -53.5146 37.4463 -19.9202 -84.9136 -44.4912 -27.6318 -63.4028 -69.1592 -36.1033 
y[1.8] =51.5775 -12.1164 -34.9806 -27.846 -18.0214 -2.11481 -35.8212 3.86239 -14.0077 11.9959 
y[1.9] =-2.28621 -48.7631 -38.7881 -24.7772 -34.2958 -21.7396 -32.7164 -40.2929 -36.1076 -16.648 
y[2] =-3.01466 -15.5191 -14.1349 16.3103 -15.706 -46.7822 -45.2487 -13.6073 -38.7475 -1.74569 
